1.0 7.596296e-05 8.480836e-05 8.809019e-06 -7.5965116e-05 1.0 2.528223e-05 -6.398597e-05 -8.480644e-05 -2.5288671e-05 1.0 -6.988847e-05 0.0 0.0 0.0 1.0
0.99985963 -0.0041097924 -0.016248401 0.0049064234 0.00423242 0.99996287 0.007519923 -0.0003113574 0.016216889 -0.0075876373 0.99983966 -0.0017047588 0.0 0.0 0.0 1.0
0.9990243 -0.012613422 -0.042323932 0.010333944 0.013476735 0.9997056 0.020174788 -0.0011627115 0.042056996 -0.02072549 0.9989002 -0.008742227 0.0 0.0 0.0 1.0
0.996925 -0.018407658 -0.07616846 0.015427552 0.02118626 0.99913317 0.03583387 -0.0023764132 0.07544283 -0.03733741 0.9964509 -0.011301424 0.0 0.0 0.0 1.0
0.99439144 -0.020764 -0.10370394 0.016177896 0.025469515 0.9986954 0.044258263 -0.0017648083 0.102649644 -0.046651334 0.9936231 -0.011007245 0.0 0.0 0.0 1.0
0.99275917 -0.02255713 -0.117984846 0.017684855 0.028670361 0.9983188 0.050375614 -0.0014218347 0.116650164 -0.05339353 0.9917368 -0.013669921 0.0 0.0 0.0 1.0
0.9927329 -0.021570155 -0.11838887 0.016851287 0.027887182 0.99825954 0.051963594 -0.0012165249 0.11706196 -0.054887503 0.9916067 -0.014255298 0.0 0.0 0.0 1.0
0.99265873 -0.020715596 -0.11916196 0.02198742 0.026924066 0.9983494 0.05072932 -0.0015866084 0.117914386 -0.053565226 0.991578 -0.019074058 0.0 0.0 0.0 1.0
0.99326926 -0.017307036 -0.11452831 0.019895675 0.02280958 0.9986387 0.046910506 -0.0021895233 0.11356051 -0.049207103 0.9923118 -0.01590664 0.0 0.0 0.0 1.0
0.9933155 -0.015148685 -0.11443187 0.023217928 0.02016708 0.998879 0.042825226 -0.0017096675 0.11365485 -0.044846725 0.99250764 -0.020189174 0.0 0.0 0.0 1.0
0.994018 -0.017398922 -0.10782188 0.0150457565 0.02166821 0.9990217 0.038551487 -0.0010468175 0.107045636 -0.040657174 0.99342245 -0.011562027 0.0 0.0 0.0 1.0
0.99509495 -0.017247692 -0.09740965 0.010121673 0.020911299 0.9991069 0.036715437 -0.0008465791 0.096689396 -0.0385723 0.9945669 -0.00584481 0.0 0.0 0.0 1.0
0.99560004 -0.01697249 -0.09215479 0.014073814 0.020187255 0.9992157 0.03406499 -0.0014948838 0.09150435 -0.03577546 0.99516183 -0.0097517725 0.0 0.0 0.0 1.0
0.997732 -0.0107852 -0.06644135 0.012475655 0.012514711 0.9995921 0.025669688 -0.0013881235 0.06613738 -0.026442965 0.99746007 -0.010658305 0.0 0.0 0.0 1.0
0.99991935 0.0035719103 -0.012189228 0.005391403 -0.0034202617 0.9999168 0.012439418 3.4701923e-05 0.012232646 -0.012396726 0.99984837 -0.0041973703 0.0 0.0 0.0 1.0
0.99887747 0.015135311 0.044887003 -0.0051491284 -0.015300285 0.9998774 0.0033339704 0.0016825363 -0.04483104 -0.0040170117 0.9989864 0.004194164 0.0 0.0 0.0 1.0
0.9960828 0.02272452 0.08545553 -0.00264885 -0.022621887 0.99974173 -0.00216934 0.0023472512 -0.085482754 0.0002276769 0.9963397 0.00439591 0.0 0.0 0.0 1.0
0.99298304 0.029250698 0.114582516 -0.005110665 -0.028422069 0.9995568 -0.008859126 0.0027688455 -0.114790864 0.005540289 0.9933743 0.008719546 0.0 0.0 0.0 1.0
0.98795265 0.038833402 0.14980468 -0.008767684 -0.03695913 0.9992 -0.015276328 0.0037590887 -0.15027808 0.009555639 0.9885975 0.010683168 0.0 0.0 0.0 1.0
0.9809573 0.050116837 0.18764627 -0.0065954532 -0.046602804 0.99864644 -0.023094796 0.0042684795 -0.18854973 0.013910167 0.9819651 0.013457661 0.0 0.0 0.0 1.0
0.97328943 0.059670825 0.22169137 -0.0076089827 -0.054824326 0.9981045 -0.027956812 0.004008207 -0.22293937 0.015055991 0.97471607 0.014474351 0.0 0.0 0.0 1.0
0.9625367 0.06925109 0.2621589 -0.0081056515 -0.06308321 0.9974989 -0.03188134 0.004948554 -0.26371107 0.014149133 0.9644979 0.014081942 0.0 0.0 0.0 1.0
0.9553249 0.07772069 0.2851555 -0.009315981 -0.07071243 0.9968893 -0.034807548 0.0048367227 -0.2869737 0.013088478 0.95784914 0.013818511 0.0 0.0 0.0 1.0
0.9492267 0.08829273 0.3019492 -0.008258773 -0.07959767 0.9959833 -0.041006446 0.004869433 -0.30435693 0.014889958 0.95244175 0.013815927 0.0 0.0 0.0 1.0
0.94293284 0.09679555 0.31860366 -0.012587786 -0.08628671 0.9951625 -0.04696975 0.004837597 -0.32160893 0.016798059 0.9467236 0.01325461 0.0 0.0 0.0 1.0
0.9390433 0.104524225 0.32752475 -0.01207396 -0.092541784 0.9943497 -0.052004926 0.005067213 -0.3311099 0.018525153 0.9434104 0.010740891 0.0 0.0 0.0 1.0
0.93027884 0.112196654 0.34927526 -0.015195508 -0.09876463 0.99352866 -0.056093138 0.0052963137 -0.35330838 0.017686216 0.9353398 0.011783403 0.0 0.0 0.0 1.0
0.9266686 0.113439485 0.35835278 -0.015155271 -0.099374846 0.9933879 -0.057490416 0.005645264 -0.362505 0.017663315 0.93181443 0.011715012 0.0 0.0 0.0 1.0
0.9213577 0.11292851 0.37195066 -0.014968462 -0.09945437 0.99350524 -0.055281598 0.004793465 -0.3757778 0.013942002 0.9266049 0.013107398 0.0 0.0 0.0 1.0
0.91772556 0.106590286 0.38264647 -0.015101179 -0.09433949 0.99424833 -0.050698098 0.00467589 -0.38584954 0.010428261 0.92250276 0.015395329 0.0 0.0 0.0 1.0
0.913838931706882 0.09632495948197922 0.3944868981192612 -0.015863164358179808 -0.0885722468722072 0.9953498815810059 -0.03786252456377825 -0.0032204502989505225 -0.39629959336556253 -0.000340341926522787 0.9181211904189027 0.010278161890293626 0.0 0.0 0.0 1.0
0.9103321582718528 0.0958488350900179 0.4026267709376371 -0.014623393701579671 -0.08856314252325014 0.9953933723984544 -0.036722399006083005 -0.002852799636836202 -0.40429186567282377 -0.002228311485222112 0.9146272258718061 0.011345481854119426 0.0 0.0 0.0 1.0
0.9068130357079089 0.0945240354337956 0.4107982991251609 -0.014440062224356953 -0.08836220402749187 0.9955076592443997 -0.03401033222658926 -0.0023280173275374303 -0.41216761541228986 -0.005458030367962944 0.9110916716629976 0.010947833793420566 0.0 0.0 0.0 1.0
0.9005116960325309 0.09670310741413707 0.4239425047968124 -0.013752880489390728 -0.0915346243399258 0.995268315594936 -0.03259298971346196 -0.0016602651357815917 -0.4250884222199671 -0.009455049992466632 0.9051024476509759 0.010308931506162454 0.0 0.0 0.0 1.0
0.8937851008817589 0.09989256062197961 0.43722953997929886 -0.014443504413166646 -0.0959371075956611 0.9948987202245069 -0.03118687300612351 -0.001666828518007234 -0.4381144332028198 -0.014072176458134876 0.8988090607144615 0.01008974642448497 0.0 0.0 0.0 1.0
0.8853496663181495 0.10180158622904466 0.45364349151883443 -0.01617484453629394 -0.1016485546502172 0.9945113844391217 -0.024795479886041777 -0.0025316517713095837 -0.4536778195963133 -0.02415953453879516 0.8908382112799116 0.007889681771130287 0.0 0.0 0.0 1.0
0.875995134238177 0.10245072680711678 0.47131349808137707 -0.016338409754102633 -0.10353734282401196 0.9943430036402343 -0.023706008883194348 -0.0025027149490440418 -0.47107600394580845 -0.028032199841480202 0.8816471008630361 0.0095025326843384 0.0 0.0 0.0 1.0
0.8658444064451992 0.1028808885732532 0.48962122000322145 -0.015488894952058007 -0.10408539911552858 0.9942578662223434 -0.024852590674217037 -0.0026774791882514097 -0.4893665699106339 -0.029443942105357026 0.8715809617093382 0.008084441567389218 0.0 0.0 0.0 1.0
0.8563422938609678 0.10476410055646046 0.5056702122270446 -0.01589520514496555 -0.1059169572658243 0.9940198567872229 -0.02657153710420462 -0.002343320013763546 -0.5054300061941721 -0.030804719015621294 0.8623175624839915 0.008727773499839565 0.0 0.0 0.0 1.0
0.8479262480575734 0.10708458501843658 0.5191858562291474 -0.01573091470501306 -0.10776656844715993 0.993754213253362 -0.028963921599280604 -0.0020206089874897915 -0.5190447687081001 -0.0313916098556965 0.8541703981806491 0.007697440505384531 0.0 0.0 0.0 1.0
0.8398874378193683 0.10891672411025936 0.5317201150133457 -0.016921384519755545 -0.10990763767569499 0.9934919773141648 -0.029898917349991463 -0.00220174340703586 -0.531516179596019 -0.03332837769141784 0.8463921862835897 0.008345292284395726 0.0 0.0 0.0 1.0
0.8301765455420033 0.11259081490794852 0.5460129781116649 -0.016852197601209783 -0.1130593285935701 0.9930442742876996 -0.032871871861393065 -0.0016218331102360534 -0.5459161584449786 -0.03444240580712128 0.8371315317205454 0.007760386053523827 0.0 0.0 0.0 1.0
0.8178287463332092 0.11544936180426073 0.5637620440555463 -0.016565506968089665 -0.11816016560483893 0.9924841651132451 -0.0318341482589259 -0.0017904186957442472 -0.5632000904947527 -0.040579335807367785 0.8253236156606855 0.008902444194057816 0.0 0.0 0.0 1.0
0.804873680622425 0.11868103494453724 0.5814579668614809 -0.016790701176578594 -0.12518540129693298 0.9917057166032853 -0.02913061796553906 -0.0017115254386673722 -0.580092367970221 -0.04934357297724344 0.8130548524521453 0.009349582319262906 0.0 0.0 0.0 1.0
0.7898340132578487 0.11913281893716422 0.6016390835221287 -0.01853002797759767 -0.12913409282186025 0.9912660028952189 -0.026756627829477266 -0.0011735814334839023 -0.5995720153090788 -0.056558820245804144 0.7983198308081677 0.008949714174750042 0.0 0.0 0.0 1.0
0.7778303584890961 0.12025800687433753 0.6168613211828645 -0.017848908079508858 -0.1326019463476106 0.9908293101147476 -0.025959373611448913 -0.0014984885126249651 -0.6143261026657314 -0.06160501969164671 0.7866437226241629 0.008367862401617757 0.0 0.0 0.0 1.0
0.7675991771807583 0.12077931287243265 0.6294472527122198 -0.017644135603886894 -0.13530161846405503 0.9904875765178948 -0.025058479692370694 -0.001523907972171223 -0.6264862318182315 -0.06593036777316755 0.7766390384101065 0.007700003898567711 0.0 0.0 0.0 1.0
0.7593808465132759 0.12234303626371987 0.6390406439702292 -0.016340248785732144 -0.13713837864821768 0.9901944467249253 -0.026607303664429732 -0.0011370921971019222 -0.6360297293348685 -0.06743191734099731 0.7687126825514674 0.00897462333654878 0.0 0.0 0.0 1.0
0.7511408944656509 0.12627953566107966 0.6479512656823934 -0.017461449649185563 -0.1400087369505826 0.9896781300726838 -0.030573002023656433 -0.0010289822992781503 -0.6451238725750236 -0.06775420346091775 0.7610680391734551 0.008894503738639169 0.0 0.0 0.0 1.0
0.7414441738146866 0.13117810779778105 0.6580675131024102 -0.017735352207477892 -0.14275666230870693 0.9890911520091217 -0.03632002871015521 -0.001025200444589675 -0.6556532427234696 -0.06701425092300478 0.7520823700277414 0.009052307499741206 0.0 0.0 0.0 1.0
0.7311708438808363 0.1354939309740931 0.668603438878277 -0.016752685763946087 -0.14589991648156592 0.9884593695436297 -0.04076028257105619 -0.0012446336795407392 -0.6664100885207164 -0.06774645873889329 0.7425010823477703 0.008788068842681927 0.0 0.0 0.0 1.0
0.7172051538484974 0.13777110391880748 0.6831075610171878 -0.017977862270002545 -0.14901109054307765 0.9879090496002757 -0.04279532632878296 -0.0017928908546309373 -0.6807440517900817 -0.07109756325696094 0.7290628513316236 0.009740326896190565 0.0 0.0 0.0 1.0
0.7054483385453352 0.14211182079156276 0.6943680242186329 -0.017470832724490886 -0.15238433385628805 0.9871923645962551 -0.04722628357366154 -0.0006088483001907056 -0.6921862591183668 -0.07249511286187835 0.718068761695775 0.0105984239149556 0.0 0.0 0.0 1.0
0.6875243424784517 0.1471431514781164 0.7110971585727137 -0.017370386451030378 -0.1576588223415837 0.9861432879840617 -0.05162438313566266 -0.0010655629980086388 -0.7088398739672103 -0.0766177323126961 0.701195856979139 0.01143906636320687 0.0 0.0 0.0 1.0
0.6696909840827171 0.1511161241273951 0.7271024016875263 -0.018919427205501597 -0.1612477384133776 0.9853088695496206 -0.056264277805590145 -0.00044244736399250964 -0.7249229035591719 -0.07956394865491725 0.684219385905913 0.011704595908581979 0.0 0.0 0.0 1.0
0.6629243657639007 0.1506390725668151 0.7333751769927211 -0.016914120312657228 -0.16216743238794387 0.985185752914403 -0.055773276428921395 -0.0012027704930180519 -0.7309124613794017 -0.08195610370068375 0.6775323992544796 0.0129727116696602 0.0 0.0 0.0 1.0
0.6623293669979893 0.15090631016608072 0.7338577291261876 -0.01602521366671472 -0.162843614418915 0.9850843257803051 -0.05559571182516973 -0.0016741740770708897 -0.7313014392627645 -0.08268137007084762 0.6770244480966394 0.012112522095340316 0.0 0.0 0.0 1.0
0.6591658221702698 0.14932543252736663 0.7370225973447844 -0.01700245101628597 -0.16206995485354303 0.9852636610198285 -0.05467123247079842 -0.0012991819624311642 -0.7343253011164336 -0.08341180836190286 0.6736533620571657 0.011640365365106044 0.0 0.0 0.0 1.0
0.6532746844263632 0.14674957069258815 0.7427630017765208 -0.018818407420527258 -0.16280150557271286 0.9853146646128457 -0.05148403831972838 -0.0013263764072659133 -0.7394106017128831 -0.08728971592540861 0.6675721393476558 0.010337723246674025 0.0 0.0 0.0 1.0
0.6483830692688038 0.14524427772678852 0.7473309142031116 -0.019711401990262556 -0.16489881569211803 0.9851225588566971 -0.048393290713904566 -0.0015484785040756743 -0.7432413584111611 -0.09185659826914078 0.6626874709664048 0.009223312130368491 0.0 0.0 0.0 1.0
0.6437915845073541 0.14692734097341187 0.7509625515261547 -0.014711778821932708 -0.16476147946850692 0.9849897433126249 -0.051467106563748956 0.004968328480474262 -0.7472523340542712 -0.09059561092181254 0.658336073579731 0.01351246813532006 0.0 0.0 0.0 1.0
0.6428465698248713 0.1446626233617013 0.7522106834431328 -0.014705611416517777 -0.16535686913613962 0.9850588657508711 -0.04812756602253367 0.004939502129580194 -0.7479340134429948 -0.09344457858837975 0.6571626273244747 0.013477987228980595 0.0 0.0 0.0 1.0
0.6385325813284346 0.14115883581938607 0.7565384703159366 -0.014266531914089685 -0.1678611993673163 0.9849116201191249 -0.04209191219280859 0.005052124579587172 -0.7510651810729267 -0.10011638439957074 0.6525932410312668 0.014449936340182434 0.0 0.0 0.0 1.0
0.6199064434302671 0.1408909679039451 0.7719233297406399 -0.013624697615918918 -0.17062635868757656 0.9844123376036309 -0.04264986069255392 0.0055458979573221705 -0.765899923145143 -0.10527155230582096 0.6342831746175609 0.016913853631600192 0.0 0.0 0.0 1.0
0.60514543829231 0.13917250996989916 0.7838559013512875 -0.013651169911404209 -0.17313375814903278 0.9840423719433739 -0.041054132415251174 0.006268970671635077 -0.7770609098375625 -0.11086820023763706 0.6195842257443933 0.01579359239019451 0.0 0.0 0.0 1.0
0.5871853391008366 0.13830156681080766 0.7975500563880379 -0.014181399871397245 -0.1774351848283054 0.9833241366034874 -0.039882028172461816 0.00568120767153087 -0.7897659607111779 -0.11809530203402306 0.6019329667029675 0.014294335981612644 0.0 0.0 0.0 1.0
0.5685702629883967 0.1412829454053136 0.8104116533873126 -0.012105514434313194 -0.18200403194122014 0.9823322430416571 -0.04356395676860314 0.005305152099272757 -0.8022483959289718 -0.12272900554318027 0.5842389650206281 0.015619627354416318 0.0 0.0 0.0 1.0
0.5538597380034747 0.14226816160617825 0.8203652804960909 -0.014235897802132177 -0.1821416006780369 0.9821315717769231 -0.04735104220389453 0.006702614110935051 -0.8124431865731295 -0.12319681014560643 0.5698760224773263 0.015760709215472516 0.0 0.0 0.0 1.0
0.5461612249679573 0.14171606661364555 0.8256055617047915 -0.011748394648831413 -0.18161993556889972 0.9821748461532919 -0.04844465517086513 0.006201152918374536 -0.8177543238004661 -0.12348783975869358 0.5621642652459781 0.014388098820972662 0.0 0.0 0.0 1.0
0.5393002131961695 0.14069444205479417 0.8302772332912106 -0.011667336651072873 -0.18101142663693545 0.9822657482890962 -0.04887504333351998 0.0057929866340361395 -0.8224293608842721 -0.12393134792499859 0.555203448920447 0.014270985711592311 0.0 0.0 0.0 1.0
0.5377900543189761 0.14340950323640927 0.8307921399622741 -0.013045483113097793 -0.18051012816823395 0.9821607600103369 -0.05269025836280175 0.006304931900433354 -0.8235277911412197 -0.12163008959379458 0.5540831323349902 0.013540034001442543 0.0 0.0 0.0 1.0
0.5464105308696299 0.14598242302479367 0.8246967406519082 -0.014110326829067852 -0.1797031755410878 0.9821934716123456 -0.05479744776769513 0.00515726249575383 -0.8180111621538495 -0.11825871649667878 0.5629144047778725 0.010115959160748918 0.0 0.0 0.0 1.0
0.5665788296220732 0.1479728268162332 0.810612350163749 -0.015012603409936764 -0.1760774119262497 0.9827634015100614 -0.0563284197538655 0.004834889761412439 -0.8049751375288265 -0.11081605291497959 0.5828676396039332 0.011897194161176043 0.0 0.0 0.0 1.0
0.6041869423146071 0.144741788713136 0.7835866077064282 -0.013482027368158907 -0.16894700785122577 0.9842763881070046 -0.051545469879284773 0.006210626457957188 -0.7787265134060657 -0.10124151576601995 0.6191406615764589 0.013380119093623905 0.0 0.0 0.0 1.0
0.6488819928375984 0.1368767550395715 0.7484763454897385 -0.014861143459684008 -0.16147988948988856 0.9860516524379499 -0.0403301199484658 0.0057596146790935086 -0.7435566405742611 -0.09469439993694911 0.6619338728593889 0.011920770529880116 0.0 0.0 0.0 1.0
0.6885698745967329 0.1290786763584799 0.7135897918514141 -0.013864660529425058 -0.1528529632603644 0.9877570522675428 -0.031178182095551864 0.0056629793682194405 -0.7088777333553155 -0.08760594776344617 0.6998697894467621 0.010467732546544203 0.0 0.0 0.0 1.0
0.7211233989177336 0.12264660274790583 0.6818642238769318 -0.011995878867397405 -0.14512218618935518 0.9891120662578583 -0.02443332615503902 0.005062779211641984 -0.6774367361504846 -0.08133418990041458 0.7310705684319874 0.00988159713798177 0.0 0.0 0.0 1.0
0.74982122080369 0.11460958174158656 0.6516385099241071 -0.011694043138553033 -0.13561328051815863 0.9905950270031932 -0.018178753032307305 0.005056554880971573 -0.6475933909488868 -0.07474001352040706 0.7583117896951745 0.008985432551610464 0.0 0.0 0.0 1.0
0.7767157413618322 0.10819472155056141 0.6204890141521769 -0.010677151398017462 -0.12600972412532435 0.9919121550762002 -0.015223397717091627 0.005466996106270174 -0.6171177478067191 -0.06636338086347757 0.7840673762529373 0.009632160204852814 0.0 0.0 0.0 1.0
0.7981309312351033 0.10375761570051108 0.5934824689113127 -0.011188436728774967 -0.11834219350114474 0.9928678993341451 -0.01443189385406301 0.005706194705002822 -0.5907471815240104 -0.058715458058956845 0.8047175571190378 0.009394625525981307 0.0 0.0 0.0 1.0
0.8159615532752554 0.09662694343044546 0.5699736625444191 -0.011223648152800726 -0.10969821189810389 0.9938988633552855 -0.011453004847114066 0.00492122003846118 -0.5676029297987663 -0.053179872045067106 0.8215831023808261 0.008038920983049603 0.0 0.0 0.0 1.0
0.828125801357853 0.09332033403199787 0.5527196149751756 -0.011452773109241966 -0.10421984568216273 0.9944848173861075 -0.011757333934631612 0.005712079837463719 -0.5507685435789874 -0.04786780641260506 0.8332842827403953 0.00798488615358816 0.0 0.0 0.0 1.0
0.841277304967723 0.08725541467458611 0.5335157209498672 -0.011866836351376704 -0.0952028128696416 0.9953773000323326 -0.01267083607863119 0.0055271687995492895 -0.5321550869228685 -0.04013251608208185 0.8456951587648682 0.011425719441482735 0.0 0.0 0.0 1.0
0.8503143811792488 0.08246558050470688 0.5197738770612035 -0.009751043387777417 -0.09002460394699695 0.9958816587844221 -0.010729233665750518 0.0054537840306589196 -0.5185181926402802 -0.037669200876500206 0.8542364513902234 0.01165773302235148 0.0 0.0 0.0 1.0
0.855537140673463 0.07677269727433085 0.5120177163624999 -0.01029193605611411 -0.08471568019453926 0.9963742880388007 -0.007845319679812982 0.0046651376495581735 -0.5107636608432771 -0.03666396054409429 0.8589389843347185 0.011633047653000448 0.0 0.0 0.0 1.0
0.8652411812171522 0.07425755207911919 0.49582608351786256 -0.009213816728238542 -0.07789978981667825 0.9968716678807527 -0.01335779216679246 0.006716212686814977 -0.4952668437058164 -0.02706703989604322 0.8683191260176334 0.012403628614850618 0.0 0.0 0.0 1.0
0.8645044409565726 0.0747712581641772 0.497032548954937 -0.010505187214926616 -0.07682091067619966 0.9969107414308702 -0.016353578359301506 0.005853472173136848 -0.49671983050841206 -0.024044747883295907 0.8675778306226818 0.01239839058260923 0.0 0.0 0.0 1.0
0.8657196124686102 0.07772656984068402 0.4944575375748125 -0.008937059679779105 -0.07704268019920826 0.9967894692956177 -0.02180102313205299 0.0052330236389328474 -0.4945646668574039 -0.019220754506137257 0.8689283192952999 0.013265715325881068 0.0 0.0 0.0 1.0
0.8685727532951881 0.08181370134738802 0.4887616128821154 -0.008538836832770975 -0.07579771692520935 0.9966056345866349 -0.032122362839786534 0.005190068733927735 -0.48973061148769786 -0.009146399907279425 0.8718258161000553 0.012358284643721773 0.0 0.0 0.0 1.0
0.8709081228482568 0.08403282732090263 0.4842079932276226 -0.00728770626042357 -0.07220519055983579 0.9964597667037549 -0.04306255239467637 0.006442545764197734 -0.48611248859759854 0.0025411951754005005 0.8738924590364403 0.011507078444534873 0.0 0.0 0.0 1.0
0.8683576475719463 0.09148917377722579 0.4874266438639377 -0.017434962325177206 -0.06919753584548864 0.9955741384367686 -0.0635912016403269 0.01486484388999556 -0.4910872668809 0.021491183534007106 0.8708452389826847 -0.0008085449942298537 0.0 0.0 0.0 1.0
0.8645271926908564 0.09637636871382096 0.49325891310164577 -0.017145816439755414 -0.070255951958569 0.9949798662346544 -0.07126956640722504 0.01468133027969746 -0.4976513792747471 0.026960105580917996 0.8669580210015059 0.0006960040387972988 0.0 0.0 0.0 1.0
0.8606254289496781 0.10372690959224393 0.49856261278362696 -0.018010121635231194 -0.07545481314943772 0.9942030661702526 -0.07659478497200585 0.014430177508721895 -0.5036174359090501 0.028300467314899613 0.8634631707021799 0.00017413660867827052 0.0 0.0 0.0 1.0
0.8562420694529822 0.11111052144138513 0.5044837520489694 -0.019335277388664605 -0.08281668704313908 0.9934879522163846 -0.07824994931246607 0.015305177024461731 -0.509892829225939 0.025221227491216715 0.859868175866967 -0.0012462685573939123 0.0 0.0 0.0 1.0
0.8530906547971304 0.11356893991601283 0.5092527826729544 -0.01930232584125492 -0.08763774126752949 0.9933461921134062 -0.07471800459619288 0.014694656617115326 -0.5143499837308154 0.019111465417217508 0.8573673984733907 -0.0008620272888923775 0.0 0.0 0.0 1.0
0.8495191374929967 0.11551447575583526 0.5147560660321328 -0.019511855401076042 -0.09228275380462932 0.9932276886156779 -0.07058917935956047 0.014958686976654567 -0.5194239866616499 0.01246374957755278 0.8544258705257358 -0.0010788705091131405 0.0 0.0 0.0 1.0
0.8477466386828835 0.11620185167891561 0.5175158932364727 -0.019119018374944834 -0.09488792530563372 0.9931919408864984 -0.06757245012566053 0.015058479067624763 -0.5218446319109034 0.008178307992104514 0.8530013456837199 -0.0011599169094008341 0.0 0.0 0.0 1.0
0.8435655873556939 0.11687953010226229 0.5241528517910301 -0.020614031795341426 -0.09658905483942147 0.9931332695296856 -0.06600695946961414 0.016066759223712195 -0.5282684672140033 0.0050537729208379205 0.8490623367453995 -0.0030470917448254115 0.0 0.0 0.0 1.0
0.8429807856717767 0.11420826159853494 0.525680460314447 -0.02001744295545968 -0.09753781326721961 0.9934561847745573 -0.059424684803316856 0.015486522561613581 -0.5290273093438624 -0.0011798537852415044 0.8486039839298811 -0.0033193351555124272 0.0 0.0 0.0 1.0
0.8465311702752489 0.10489527533358978 0.5219022284962405 -0.01931608201244181 -0.09306295373117252 0.9944574841853223 -0.04892335857683706 0.014528780579337378 -0.5241413938630773 -0.007154615282525644 0.8516012318504285 -0.0012584032743529656 0.0 0.0 0.0 1.0
0.8500215123993079 0.09833287008222236 0.517488147732348 -0.018387763411377305 -0.0879549098320418 0.9951245979617369 -0.04461917415614761 0.013795044675822609 -0.5193527383255299 -0.007588365703280342 0.854526222044065 -0.000517929270581953 0.0 0.0 0.0 1.0
0.8492174457228985 0.10177969458134795 0.5181414563998442 -0.018574735433021374 -0.09047029370472884 0.9947833149721995 -0.04712958569366211 0.01277768249745637 -0.5202353021940608 -0.006853144565761287 0.853995474842816 -0.0012043391745975307 0.0 0.0 0.0 1.0
0.8524644704232068 0.09316365726693895 0.5144168731310473 -0.018990482536855112 -0.08370220097496424 0.9956218811103517 -0.04160557440648562 0.010961829179839667 -0.5160407728441266 -0.007590550807234176 0.8565303551335917 -0.002160745450494183 0.0 0.0 0.0 1.0
0.8557276018062752 0.08696331222274972 0.5100661146844974 -0.01887937242677203 -0.07958368894983515 0.996166162710899 -0.036324560820767175 0.00911610995742464 -0.5112694064054449 -0.009509015214369854 0.8593678698394039 -0.0019075635495771138 0.0 0.0 0.0 1.0
0.8589173856145922 0.08116521146941541 0.5056413048690793 -0.01875682463860503 -0.08042348970181926 0.99648739013436 -0.02334260794206098 0.0074736704023660935 -0.5057597833382761 -0.02061607500855886 0.8624280036220836 -0.0010231444541574982 0.0 0.0 0.0 1.0
0.8633604168077581 0.0779426943893867 0.49853150929716744 -0.01878893024863411 -0.07935090360867862 0.9966768416301466 -0.018404538341403525 0.006370697551237854 -0.49830928237896105 -0.02366917692413474 0.8666761898861386 -0.0024048477364986536 0.0 0.0 0.0 1.0
0.8632515452310706 0.07795062531824112 0.49871891295836157 -0.01939420159430733 -0.08089473184027658 0.9965982986250989 -0.015746264916365466 0.005538092574897711 -0.4982498467820666 -0.02675074594500427 0.8666207604885787 -0.0029568946612106104 0.0 0.0 0.0 1.0
0.8644827562593054 0.08087257705578708 0.4961141597531449 -0.017248332410325303 -0.08769506406828813 0.9961013785503963 -0.00956720462240643 0.004132920863143269 -0.4949537599714143 -0.03523607615789665 0.8682046033129551 -0.0014696346426010987 0.0 0.0 0.0 1.0
0.8651577343091975 0.08148122870929093 0.4948361996534602 -0.01753611793153226 -0.08868682105019127 0.9960194051265739 -0.008950000459863501 0.004089374238086713 -0.4935956693907151 -0.03614228597526744 0.8689401855779628 -0.002559347711753619 0.0 0.0 0.0 1.0
0.8637606807893654 0.08572307920873856 0.4965572160156537 -0.01730454224565924 -0.09477947080050589 0.9954738163010712 -0.006984685611518333 0.004239260300148991 -0.49490839253347757 -0.0410303372890418 0.8679759949665607 -0.0035875891534185374 0.0 0.0 0.0 1.0
0.8613659381501014 0.07980029069173843 0.501677968281413 -0.01903595804574132 -0.09346754871712544 0.9956200796695525 0.0021108604618760344 0.003948532484813961 -0.4993122666459036 -0.04870882838064538 0.8650518829398133 -0.003988753951117252 0.0 0.0 0.0 1.0
0.8552106116962669 0.07797686359983487 0.5123810767297996 -0.020504497359355205 -0.09400311761772488 0.9955573500259479 0.0053905873297401315 0.003892927789219916 -0.5096843406151944 -0.05277550537339469 0.8587413201125879 -0.003955837194133607 0.0 0.0 0.0 1.0
0.8450916791405474 0.0839434921195607 0.5279901535230278 -0.022570773395826586 -0.10067260945517209 0.9949152176733139 0.002956338324673702 0.00494250272632279 -0.5250572584964415 -0.055652521084609836 0.8492454180114851 -0.002723382190077402 0.0 0.0 0.0 1.0
0.8277615624298257 0.09532100263388135 0.5529237994753416 -0.023607739835727316 -0.11240918822562683 0.9936573982432847 -0.0030174526193991313 0.0049111898192949425 -0.5497045034733355 -0.05965598382930914 0.8332263034641854 0.0021306845244732924 0.0 0.0 0.0 1.0
0.8082629456551272 0.10174223868443168 0.5799651111522722 -0.0249109834508056 -0.11910399940485002 0.9928480603322053 -0.008185379747522564 0.004817931844707609 -0.576650004069681 -0.06246023420004043 0.8146002287176286 0.0036143217883709824 0.0 0.0 0.0 1.0
0.8006607639875162 0.10286679219376021 0.5902208664235586 -0.027524596955991156 -0.12442597966081798 0.9922203123603559 -0.004139986038731717 0.00527832927689895 -0.5860549216132083 -0.07012409078556125 0.8072312164756861 0.0032111875313622605 0.0 0.0 0.0 1.0
0.7970661542029102 0.1063825832913489 0.5944477790247386 -0.029015119560362155 -0.12973689097921676 0.9915422520088564 -0.0034888709265189777 0.005470872932441778 -0.589791262657871 -0.07434096016068228 0.8041266211147935 0.003006330018170959 0.0 0.0 0.0 1.0
0.8034216088095543 0.12119074558595072 0.5829464508871227 -0.028658861922162174 -0.1430845264125953 0.9896735416326122 -0.008546387633516887 0.006013267720440212 -0.577962450432688 -0.07654425408613952 0.8124656311937336 0.005330419223727413 0.0 0.0 0.0 1.0
0.8132682093701534 0.12908760887192136 0.5673899537409691 -0.03125130618829273 -0.15417293431228565 0.9880366042503894 -0.003805764412997934 0.006295529706211821 -0.5610933165907258 -0.08438106166135852 0.823440503480352 0.003200508125729698 0.0 0.0 0.0 1.0
0.8163170972642549 0.12210615293645002 0.5645497809394506 -0.03078179936927121 -0.1470936645119349 0.9891218098049871 -0.0012448260811032542 0.007128185740243181 -0.5585605053060808 -0.08202551877391703 0.82539803719971 0.00720062807092642 0.0 0.0 0.0 1.0
0.8308485287910378 0.10674081101748967 0.5461658400720176 -0.028197157079138137 -0.12181456734259466 0.9925150568642174 -0.00866478200500548 0.01884377997695968 -0.5430027051321012 -0.059331834119933945 0.8376322568413624 0.01456170478299185 0.0 0.0 0.0 1.0
0.8393809321757031 0.09393482977348583 0.5353652368566371 -0.030033521055784086 -0.10963436040424562 0.9939687842346884 -0.002509150616334976 0.019663643573299746 -0.5323720948919156 -0.05658828968438545 0.8446168861371397 0.017602358024260807 0.0 0.0 0.0 1.0
0.8396299855103886 0.08196552825765846 0.5369386458338979 -0.032540844185256886 -0.10225158031393769 0.994726028478241 0.008046082311763094 0.020001431552354357 -0.5334473256272966 -0.06165855931678202 0.8435829363790941 0.019256605784928178 0.0 0.0 0.0 1.0
0.8240335985520708 0.07523006962601654 0.5615239225022549 -0.03677266990792229 -0.1016622626822365 0.9946915339137423 0.01592524691578777 0.02079888405316045 -0.5573450192868976 -0.07020872853469425 0.8273072588538679 0.024628632907385185 0.0 0.0 0.0 1.0
0.8001334056237887 0.07058837315751888 0.5956541839900967 -0.03934650270090316 -0.10056509160256916 0.994781739709715 0.017200318255516437 0.02119733506541584 -0.5913318579661732 -0.0736645529455208 0.8030567756393456 0.02990057910124201 0.0 0.0 0.0 1.0
0.7959105689918237 0.06970586370793706 0.6013879713727026 -0.04203398730106841 -0.0976244856125188 0.995126820949204 0.013858252521922828 0.02224285308104548 -0.5974912501312949 -0.06974011972024091 0.7988370611963024 0.03012729425801771 0.0 0.0 0.0 1.0
0.8025581541210911 0.07516694544188542 0.5918194648725156 -0.04168025356675547 -0.10146711502904987 0.9947753634419625 0.01125183804723163 0.022549802601793453 -0.5878815963684246 -0.06908047689253355 0.8059919687222966 0.03142458836852978 0.0 0.0 0.0 1.0
0.8076430916733947 0.07585332017605388 0.5847725741786304 -0.04430651060192212 -0.0927451733336327 0.9956893646237873 -0.0010625328761618218 0.024740577739510886 -0.582332381998491 -0.0533766862948972 0.8111966471860664 0.03539485537994336 0.0 0.0 0.0 1.0
0.8203985686511392 0.07820201614370437 0.5664190894902298 -0.04578610552748558 -0.0862343778119378 0.9961947116440839 -0.012637052472678703 0.024472947815006852 -0.5652519124795365 -0.03847738003803315 0.8240204939956857 0.034195640540554864 0.0 0.0 0.0 1.0
0.8353708007597256 0.07956002217739504 0.543898735982845 -0.04793442244692721 -0.08723584098249386 0.9961185967025658 -0.011724538556112666 0.025292147943189618 -0.5427204552063637 -0.0376531168160013 0.8390690238620934 0.038099714103704024 0.0 0.0 0.0 1.0
0.8317300579274213 0.07771193307188823 0.5497144751728782 -0.0530601353750677 -0.09126650531936226 0.9958229169883259 -0.0026890701224893156 0.026268807095128424 -0.5476272088273233 -0.04793394019465876 0.8353483298032652 0.04313470545557685 0.0 0.0 0.0 1.0
0.8112831751223986 0.0738554905965992 0.5799698518362691 -0.05761987824637588 -0.09141506808648316 0.9958122662326183 0.0010643526123489306 0.02660116766099401 -0.5774625115009125 -0.05388147164292736 0.8146372744446781 0.04803750445919874 0.0 0.0 0.0 1.0
0.8004182845370726 0.09348436906693754 0.5921074759926209 -0.05999666343795117 -0.11246997984141237 0.993643331971285 -0.0048422051441846135 0.027500337807590987 -0.5887964193517082 -0.06271852851162389 0.8058443141089848 0.05002374439238427 0.0 0.0 0.0 1.0
0.8002213779603046 0.10415578865235216 0.5905908510388412 -0.060831883344972554 -0.12190255978592433 0.9924930913900223 -0.009862824369541785 0.02788100801802597 -0.5871846588614803 -0.06410208298661212 0.8069109348299572 0.05212742943817675 0.0 0.0 0.0 1.0
0.8004985332429216 0.09612207990502569 0.5915764426281652 -0.06200472263867884 -0.10975480257307518 0.993874016370642 -0.012973268729713622 0.028567563084491 -0.5891994248575229 -0.054543268380398 0.8061446469172113 0.05548008491141658 0.0 0.0 0.0 1.0
0.8076580086464586 0.07224850048817709 0.5852081918264234 -0.06425913148240137 -0.0797347410761223 0.9967312836747674 -0.013010614400287376 0.02946108188942785 -0.5842352469263459 -0.03615330355974925 0.810778686212128 0.060185628664504345 0.0 0.0 0.0 1.0
0.8030728026357858 0.0713133460301579 0.591598138058621 -0.06728260557026883 -0.07489719067171044 0.9970193459667274 -0.01851406142837978 0.029952291489221204 -0.5911551091415773 -0.029440901234214004 0.8060203233944556 0.06426210108175855 0.0 0.0 0.0 1.0
0.7907659580269238 0.07588499235075712 0.6073967423198113 -0.07042126573760438 -0.08096107316884515 0.996534251702646 -0.01909911880061243 0.030604337396654295 -0.6067409909369422 -0.03407255530617349 0.7941691024193641 0.06994181066569471 0.0 0.0 0.0 1.0
0.7749300369963398 0.06870639928690998 0.6283015889054008 -0.07664211418039232 -0.0783318434744271 0.9968502867332697 -0.012395810508795046 0.03038021829356398 -0.6271743638230911 -0.039610134117020725 0.7778709657178494 0.0699732898538178 0.0 0.0 0.0 1.0
0.7640052443959061 0.07444857025952309 0.6409005341720619 -0.07870292282074234 -0.08318960332925236 0.9963959003658117 -0.016575070245759493 0.03196685483629305 -0.6398246612360273 -0.040652812378376625 0.7674449888445949 0.07383214259698205 0.0 0.0 0.0 1.0
0.7618965950951752 0.09029289361455352 0.6413740824644445 -0.08054953268767903 -0.10019970123568006 0.9947454421029678 -0.021012125902210136 0.0325739706045883 -0.6399012253937986 -0.04825642638850995 0.7669404443790407 0.07475088098310419 0.0 0.0 0.0 1.0
0.7531626927932592 0.0979443146152968 0.6505019391967566 -0.08244007775768526 -0.10981042617866824 0.993698275235831 -0.02247799060289142 0.032781160599532094 -0.6486042187310965 -0.05450230976639205 0.759171981577998 0.07740227881632443 0.0 0.0 0.0 1.0
0.7554215613419919 0.0832669879052333 0.6499269403472355 -0.08561189413538631 -0.09162626145426662 0.9955709591843346 -0.021051212458707922 0.03371976538616629 -0.6488012171827012 -0.04364782704682796 0.7597052330615137 0.07932138864191625 0.0 0.0 0.0 1.0
0.7552719077920234 0.08570653146077191 0.6497835976788219 -0.08790304165427199 -0.09096939421595991 0.9955252873637933 -0.025572196776425284 0.03379763599418988 -0.6490677143789726 -0.039796460007592495 0.759688929813535 0.0809754807386758 0.0 0.0 0.0 1.0
0.7495257581338595 0.09533141772001666 0.655074787042804 -0.09099300556396298 -0.10664985779889527 0.9940390339959811 -0.022633006526480554 0.034265459035237214 -0.6533274158560328 -0.05289961701382849 0.7552250657186277 0.08287999876952613 0.0 0.0 0.0 1.0
0.7412858231529039 0.09558315661279573 0.6643487029967865 -0.0925120964735188 -0.11472928243711818 0.9932851645580258 -0.014892994244770428 0.03408096977786222 -0.66131122883615 -0.06518028613062853 0.7472743455414445 0.08691592939511818 0.0 0.0 0.0 1.0
0.7366890822681743 0.09154166983912933 0.6700069871082562 -0.09487178106184652 -0.11790252781186152 0.9930068712403598 -0.006035753478989915 0.03316675532508059 -0.6658740211929313 -0.07454904371913693 0.7423302834774098 0.08753956172624618 0.0 0.0 0.0 1.0
0.7436847714776355 0.09803537201887656 0.6613033826985663 -0.09956077071244698 -0.12607918292002598 0.9920061527264783 -0.005275243118150032 0.034995218563580205 -0.6565341668688853 -0.07945346115147775 0.750100144918016 0.08624870975537012 0.0 0.0 0.0 1.0
0.7544566011226378 0.11082179950710316 0.6469264689820285 -0.10007542970734098 -0.1369322547146886 0.9905300010848603 -0.00999016282020246 0.03532077640620651 -0.6419072875847532 -0.08104795185424962 0.7624868866599874 0.09049785842223834 0.0 0.0 0.0 1.0
0.769550795340157 0.11471751558689752 0.6281970636893552 -0.10535599410329943 -0.1339488969675047 0.9908449879166112 -0.01685267207521853 0.03677251756944985 -0.6243792197932331 -0.07117731560202069 0.777871716882797 0.08968715919997086 0.0 0.0 0.0 1.0
0.788871519647559 0.09518780031319674 0.6071416751501733 -0.10277943711113058 -0.11647551630293569 0.9931839417573559 -0.004372582624587573 0.029921609971338557 -0.6034195777743087 -0.06726773409305611 0.7945815687801107 0.089591692460984 0.0 0.0 0.0 1.0
0.7988600073977499 0.09783994452404554 0.5935065644655739 -0.10573950044223876 -0.11760310310437289 0.9930460311555956 -0.005410445546070153 0.030122454743499488 -0.5899086363280208 -0.0654760306697311 0.8048109717867344 0.09235869674295667 0.0 0.0 0.0 1.0
0.8010398979930246 0.09799721425471458 0.5905350670980805 -0.10821173695308502 -0.11966567684386363 0.9928113200295251 -0.0024312922875792662 0.030555210822535726 -0.5865281988292176 -0.06871921966969208 0.8070082470119901 0.0951523230972585 0.0 0.0 0.0 1.0
0.7898132620541797 0.08569684896497037 0.6073311700141227 -0.11228312681815848 -0.11023324339432786 0.9939009314914901 0.0031111398345796733 0.03062813417415716 -0.6033604426060563 -0.06940530274412059 0.7944426378535822 0.09828283248606721 0.0 0.0 0.0 1.0
0.7766414744621365 0.0751329481145432 0.6254463098253121 -0.11760707445209684 -0.10652563211962232 0.9942269929896782 0.012843662605280205 0.031272110488114895 -0.6208705798372647 -0.07660098179232415 0.780161565770497 0.10147035497027596 0.0 0.0 0.0 1.0
0.7773957588554002 0.08491590852594393 0.6232536412940705 -0.12003116635041228 -0.1139806918564498 0.9934595841125928 0.006815162177632088 0.031223532381809322 -0.6185986747441716 -0.07633696161568929 0.7819899364029532 0.10105274787912212 0.0 0.0 0.0 1.0
0.7907457540411125 0.09189934619219112 0.6052071304283757 -0.12141397288699093 -0.10998828280570505 0.9939066959545159 -0.007215064523027608 0.03334173262782307 -0.6021824762197023 -0.060860410924126813 0.7960353550261804 0.10368012327684112 0.0 0.0 0.0 1.0
0.8025543103695751 0.08215862851760022 0.5908946889452692 -0.12500684120807648 -0.09268095995811627 0.9956167043305822 -0.012552169456979042 0.03450236131214879 -0.5893359766645689 -0.04469088730696079 0.8066509562590801 0.10562431217393443 0.0 0.0 0.0 1.0
0.8164296693337161 0.0851708098056503 0.5711290463049938 -0.12645226822348377 -0.08789060684335728 0.9958674298003111 -0.022871090666711877 0.034378010039631514 -0.5707168624100183 -0.03152424063982799 0.8205414581830084 0.10736810419294432 0.0 0.0 0.0 1.0
0.8149516235362965 0.09525654239130839 0.5716468710299313 -0.1303989047979134 -0.09268748417742692 0.9951253258928463 -0.033685789758820826 0.034933972281612935 -0.5720689837688545 -0.025532216830996195 0.8198081198380908 0.11041506788812523 0.0 0.0 0.0 1.0
0.8038796144306801 0.0959451981943667 0.5870026297993087 -0.1327431383681486 -0.090312616847585 0.9951504619582349 -0.03897672361904057 0.03505567455440884 -0.5878955516093268 -0.02168115366952278 0.8086462597153452 0.11419671044774157 0.0 0.0 0.0 1.0
0.7945234378377206 0.08325965497796521 0.6014984506134753 -0.1370238780466393 -0.07932591075830943 0.9962981486444897 -0.0331258777119591 0.034900425962820045 -0.6020299145883411 -0.02139512224938385 0.7981868445835214 0.11672779374989012 0.0 0.0 0.0 1.0
0.792507798438594 0.08960767437360333 0.6032428440308804 -0.14075158263959908 -0.08463958070458195 0.9957350457144571 -0.03671484207212794 0.03581914877121304 -0.6039599317407421 -0.021961423138712546 0.796712102694527 0.11879302900861903 0.0 0.0 0.0 1.0
0.802148203664331 0.09646381760430671 0.5892819276021888 -0.14022708265471 -0.09374017556920583 0.9949716471449483 -0.03527220889961315 0.036262071202795135 -0.589721317832747 -0.026945835747220693 0.8071572915019176 0.12095215707472526 0.0 0.0 0.0 1.0
0.8164720656007579 0.0908580545285174 0.5701914106978596 -0.14281235271978282 -0.08561109575780405 0.9956755813011994 -0.03606872446553605 0.03645716096067609 -0.5710027500271134 -0.019365603580969348 0.8207197552782107 0.12237703004948061 0.0 0.0 0.0 1.0
0.8320035608181588 0.08098369518488725 0.548827587311168 -0.14686255497665046 -0.0733543047155118 0.9966609689243867 -0.03586235806991065 0.03753128982314525 -0.5498993020795644 -0.010421259788030497 0.8351659326304485 0.12291608552093558 0.0 0.0 0.0 1.0
0.8377384733109984 0.08212279826872596 0.5398612137756164 -0.1496121616278191 -0.07268585857397583 0.996599450927577 -0.038809606314288855 0.03844878162774026 -0.541212499402501 -0.006727966873718018 0.8408590169929259 0.12779611470389132 0.0 0.0 0.0 1.0
0.8256606432108843 0.08851421467020422 0.5571802157239472 -0.1538864544299712 -0.08126146865667226 0.995975637013265 -0.037803941212615794 0.03834459117959545 -0.5582841412259242 -0.014064053602449335 0.8295305994061779 0.1333962864901226 0.0 0.0 0.0 1.0
0.8104235785991966 0.07785738537850277 0.5806478590798227 -0.15884732262707082 -0.06981131093313325 0.9969019833934787 -0.03623444463608327 0.03862212700609982 -0.5816701263808353 -0.01117053888486154 0.8133481026638596 0.13607417059699498 0.0 0.0 0.0 1.0
0.8012386787874728 0.08113673611108678 0.5928182362785858 -0.16088001981288627 -0.07130982156889616 0.9966507260973804 -0.04002713260067342 0.03936755752962159 -0.5940804730197664 -0.010202474282091013 0.8043409133224151 0.1385763478841508 0.0 0.0 0.0 1.0
0.7961298792029115 0.09495709465602176 0.5976289240798675 -0.1626434331556588 -0.08744114426141601 0.9952982715900731 -0.04165815202689967 0.04041394458323948 -0.5987747880553349 -0.019092057297111633 0.8006898258782675 0.13980594588371045 0.0 0.0 0.0 1.0
0.8001973801720718 0.09976470680602605 0.5913806721146969 -0.16286822448439595 -0.0925700421916236 0.9947961275667513 -0.04256347278303708 0.04074271307014099 -0.5925494717025409 -0.020684965584145256 0.805268402426949 0.14303674778753384 0.0 0.0 0.0 1.0
0.8244726339685023 0.07860899497292662 0.5604155274591497 -0.16484910759670268 -0.07239378826795478 0.9968193953951772 -0.03331864552517925 0.04101707576058812 -0.5612521864693575 -0.013100285037947922 0.8275412288540787 0.14333239486818825 0.0 0.0 0.0 1.0
0.8419924797748193 0.07372031369397274 0.5344285296795221 -0.16542815182654175 -0.06618088675199366 0.9972519963551919 -0.033295207748000405 0.04117257510890787 -0.5354144377812303 -0.007334636817919328 0.8445575596604137 0.14627717770636242 0.0 0.0 0.0 1.0
0.840275363980696 0.0788960602697498 0.5363885730815291 -0.17066989624644643 -0.07348796791164891 0.996798673572122 -0.03149462868663711 0.04264806811318613 -0.5371562223895613 -0.012953942678751803 0.8433832882223103 0.15105158759104023 0.0 0.0 0.0 1.0
0.8249414749429944 0.07769124979099805 0.5598532141779016 -0.176253950164006 -0.07392764987855809 0.9968302151728531 -0.029398767832666848 0.04382352157105425 -0.5603625978242865 -0.017136373421809306 0.8280701145722096 0.15390527168067136 0.0 0.0 0.0 1.0
0.8256485512119789 0.0659719911888072 0.5603142743924286 -0.17885402232836684 -0.07159223436516539 0.9973625391784755 -0.011936100508103311 0.04323790319463762 -0.5596239383959365 -0.030259128750834353 0.8281940204410163 0.15379886602065607 0.0 0.0 0.0 1.0
0.8218351262205928 0.07009661255009123 0.5653967030843793 -0.18159526279608473 -0.0847711895716819 0.9964003831292956 -0.0003118964208762311 0.043947760268479734 -0.5633834082275291 -0.04767303124487765 0.8248189623197356 0.1586090174280649 0.0 0.0 0.0 1.0
0.817438271405926 0.08460568695629786 0.5697689489575747 -0.18319790573845512 -0.10571675912236325 0.9943881257594654 0.004012193974922766 0.04571319403311887 -0.5662319659682947 -0.06351383381027033 0.8217953247456355 0.1607859926390142 0.0 0.0 0.0 1.0
0.8269866544134933 0.08272385412424754 0.5561023590110163 -0.18426135520061335 -0.0977293655077355 0.9952092664481051 -0.002709357810144959 0.04547100772732384 -0.5536624034882552 -0.05210692374909867 0.8311093660153125 0.162337317102213 0.0 0.0 0.0 1.0
0.8348203322238835 0.08148156687181292 0.544459156471416 -0.17832575144775756 -0.09634327211670464 0.995347402414776 -0.0012363525231826457 0.03662343278807402 -0.5420267452133344 -0.051422844291095685 0.8387864476272506 0.1668919692941318 0.0 0.0 0.0 1.0
0.8344671046767433 0.09438829838967458 0.5429140081912829 -0.17876997203426223 -0.10854513375825037 0.9940734741811623 -0.005989104015078753 0.03674368469889792 -0.5402616926881931 -0.05393295617968231 0.8397670509579493 0.16723391906727322 0.0 0.0 0.0 1.0
0.8156905682151727 0.10583493959104437 0.5687248035973104 -0.18604354992518643 -0.11880557064752917 0.9928137671313116 -0.014358084528887805 0.03881072375459077 -0.5661574272832613 -0.05585592631256498 0.8224024919422644 0.17446046062857354 0.0 0.0 0.0 1.0
0.7966798770462554 0.10887175251912885 0.5945150094982953 -0.19103363781262592 -0.12351729621006473 0.9922105482037056 -0.016181140797324495 0.03958219287750731 -0.5916455534763245 -0.060541695465119214 0.8039218729498747 0.17699620259033605 0.0 0.0 0.0 1.0
0.7861265500832442 0.12196361270391928 0.6059124018194227 -0.19578200431776843 -0.13342329751341125 0.9907098281005798 -0.026312292243397078 0.040237511808849 -0.6034925344809546 -0.06015804503981555 0.795095985748133 0.17722156867976735 0.0 0.0 0.0 1.0
0.787137541076741 0.12791170110080824 0.6033681591937434 -0.19706583837828245 -0.13921980075395832 0.989859116782631 -0.028223993408939878 0.04083930203479625 -0.6008597658372932 -0.06178462721091871 0.7969630953554899 0.1784063360999806 0.0 0.0 0.0 1.0
0.7972563463561472 0.11627664156434657 0.5923360601159352 -0.19795124228341185 -0.12082639750495838 0.9921533878599509 -0.03213486707502303 0.0412183555588042 -0.5914247024852025 -0.045950101080094244 0.8050499687051201 0.18027889808527273 0.0 0.0 0.0 1.0
0.8031949065861302 0.0993424247369874 0.5873747084114963 -0.19909028754701721 -0.09782354859424297 0.9946072293155553 -0.03445047867186735 0.041374611951230766 -0.5876296244438939 -0.029788626409080806 0.8085814894969695 0.1850548501947553 0.0 0.0 0.0 1.0
0.7954619761239599 0.10481547549500421 0.5968700998733325 -0.20020099754867923 -0.10211763339270011 0.9940283366503834 -0.03846542507804629 0.04275964156039401 -0.5973376006236215 -0.030353179746252384 0.8014152663494958 0.1902438328402166 0.0 0.0 0.0 1.0
0.769578570542591 0.11030311433498434 0.6289531261125445 -0.20453227762023848 -0.10572142850704264 0.993383603945699 -0.04485604685744035 0.042550745384986745 -0.6297393827172356 -0.03197357534664486 0.7761482473193522 0.19368503555658295 0.0 0.0 0.0 1.0
0.73877384529401 0.11119676698616056 0.6647168097717812 -0.20511091005163629 -0.10367514034473614 0.9933059365066486 -0.05093887995403895 0.04219073243676704 -0.6659314848583046 -0.03128230308626533 0.7453566783878697 0.20030038909962855 0.0 0.0 0.0 1.0
0.7114249584116147 0.12721295476456881 0.691152223180081 -0.21019756150395952 -0.10960452964970617 0.9915298802184109 -0.0696808033080648 0.04388063029794121 -0.6941623916451427 -0.026180756520876328 0.7193421508231713 0.20090037187933704 0.0 0.0 0.0 1.0
0.7012564285631856 0.13625878381824555 0.6997663958955107 -0.21037468815755378 -0.1181788100736124 0.9902025509814901 -0.07438217869328954 0.04484776618409923 -0.7030457369316905 -0.03053658272229721 0.7104887245428442 0.2041384357785751 0.0 0.0 0.0 1.0
0.7010424619711259 0.13581792911164076 0.7000664077709638 -0.21298636120972209 -0.1168121265981363 0.9903065795939074 -0.07515162493222317 0.04669844386042887 -0.7034872647187378 -0.029091755467859838 0.7101122708027278 0.2064836363884838 0.0 0.0 0.0 1.0
0.7116981672263131 0.1262853683853048 0.69104109060198 -0.21156350862199702 -0.11429776599921446 0.991417319998192 -0.06346368302965849 0.045659140694457194 -0.6931247098571619 -0.033817463699147496 0.72002398725212 0.20870385689074253 0.0 0.0 0.0 1.0
0.7024767591004654 0.12398791516437714 0.7008233060144164 -0.21474591747729008 -0.12203801710180537 0.9911083983513133 -0.05301846018511668 0.047462088890559764 -0.7011654803534549 -0.0482828538694543 0.7113618546899232 0.21386859201039432 0.0 0.0 0.0 1.0
0.6752300750118406 0.12474001881628655 0.7269830894094136 -0.21362468011944108 -0.1344838217730534 0.98989616116699 -0.044942103656743546 0.04775306752157564 -0.7252438694106541 -0.06742120550322216 0.6851830807920509 0.2208310723721188 0.0 0.0 0.0 1.0
0.6518331972604047 0.1261337119251997 0.7477992913327449 -0.21372285832903448 -0.1347562686952331 0.9896434575852255 -0.049463529542194316 0.04793307818538585 -0.7462937250232238 -0.0685286757517611 0.6620796912600477 0.22412270137042756 0.0 0.0 0.0 1.0
0.6364718506680236 0.12491828631446247 0.7611168111523642 -0.21403148490265628 -0.13749455514432046 0.9893675934187162 -0.04740227606195755 0.04759040897377396 -0.7589457329943902 -0.07447921940627614 0.6468801943613813 0.22789309766838806 0.0 0.0 0.0 1.0
0.6265815257431426 0.13833096370452333 0.7669811836420165 -0.2160548895607393 -0.14907933415844588 0.9872232200622522 -0.0562636896580645 0.049079942598769424 -0.7649647654681804 -0.07908726183845889 0.6391980700076201 0.2307280753377285 0.0 0.0 0.0 1.0
0.6153161050492412 0.15060879237512165 0.7737591546097436 -0.2185783760333032 -0.1583012237526362 0.9851908366670937 -0.06587722551282339 0.050040589684317995 -0.7722220676317846 -0.08195170218355463 0.6300453491485558 0.2347704042904163 0.0 0.0 0.0 1.0
0.6145267357257453 0.15095365740688318 0.7743189491899095 -0.2203328554296592 -0.15178475310815293 0.9858079971702735 -0.07172178574056408 0.05065625620479139 -0.7741564904316425 -0.07345484894498548 0.628717748347572 0.23714897245488004 0.0 0.0 0.0 1.0
0.6233471892760039 0.1515847357379834 0.7671116709637689 -0.22072060975286326 -0.15277108025354216 0.9857332536866065 -0.07064513768152056 0.051053972594120534 -0.7668762203630499 -0.07315602336453877 0.6376119970338758 0.23870279544656553 0.0 0.0 0.0 1.0
0.6097756073085756 0.1573703994581192 0.7767935301398378 -0.21884304342618147 -0.15371610380442857 0.9849617695316956 -0.07887744187158123 0.050992038746277286 -0.7775248830468009 -0.0713081391843816 0.6247960126593807 0.24512094302880655 0.0 0.0 0.0 1.0
0.5812078873365186 0.1598717969997591 0.797896301832183 -0.22283620363851597 -0.1498133776591674 0.9847734102249545 -0.08818791890110125 0.05182493735449584 -0.7998458879495758 -0.06828001286941096 0.5963089973336151 0.24788125711937037 0.0 0.0 0.0 1.0
0.5421669946099873 0.15723211464660142 0.825428897652172 -0.2235935873858791 -0.14886540360824305 0.9847710909940125 -0.08980509729858922 0.05200596519097206 -0.8269787812934594 -0.07418844902573705 0.5573169014307678 0.25176015299582155 0.0 0.0 0.0 1.0
0.5037682209969006 0.1715571489977514 0.8466320526507681 -0.22366645107606822 -0.1583955310886111 0.9818090684079869 -0.10469923461911564 0.05154624459723273 -0.8491929121171615 -0.08135859270369018 0.5217780627508681 0.25388713089246306 0.0 0.0 0.0 1.0
0.46724050656949023 0.18456823723724136 0.8646506582838758 -0.22237565432340917 -0.16415252067997002 0.9790733969742541 -0.12028803193734734 0.052697728671037176 -0.8687577959517684 -0.08573113802442844 0.48776025876570506 0.2566982076298536 0.0 0.0 0.0 1.0
0.4537821679346102 0.17661741101993966 0.8734345879760137 -0.22419918669622488 -0.14752867868666406 0.9815259397183427 -0.12182789737628633 0.052753161259676266 -0.8788157078944522 -0.07357333118859849 0.47145498978946765 0.25884883076513643 0.0 0.0 0.0 1.0
0.4456069859813434 0.17460016412035873 0.8780371844855316 -0.22491635705206806 -0.14646166241891578 0.9818000081115293 -0.12090389816230261 0.053628488457980475 -0.8831667223562418 -0.07472316155988042 0.46306920021086956 0.26170466285903426 0.0 0.0 0.0 1.0
0.4291413942979562 0.15974065330214995 0.888999769327894 -0.238888979215701 -0.1498539418209305 0.9831885296617618 -0.10432696538639653 0.05173066774017443 -0.8907196314502879 -0.08844910032081087 0.4458646621433019 0.2629173568853153 0.0 0.0 0.0 1.0
0.4162673915924827 0.14922047756039547 0.8969139689488401 -0.23702099511511734 -0.14937940475142128 0.9842611126534699 -0.09442392380801372 0.051685743804343626 -0.8968876043667614 -0.09467487330823768 0.4320062224582114 0.26443115885913326 0.0 0.0 0.0 1.0
0.4075563517935895 0.14724022775990261 0.9012313893840915 -0.2382471281926948 -0.15966767082632852 0.983202450211433 -0.08842717008655926 0.05181835660993061 -0.8991129867072336 -0.10785847636714092 0.4242198053147272 0.26521362109556473 0.0 0.0 0.0 1.0
0.4071464913065276 0.14680055470371664 0.9014884465459496 -0.2405881074723129 -0.177360423505533 0.9809189610470516 -0.07963249047430124 0.0518322983715279 -0.8959771158006515 -0.12746628250970057 0.4254143382687254 0.2656894875067312 0.0 0.0 0.0 1.0
0.4049142709672502 0.14156831562357086 0.9033287233726254 -0.23957808789945123 -0.19329659516781816 0.97886635866766 -0.06676183609735067 0.052300339693839175 -0.8936893489986716 -0.14757756751879522 0.4237216563206071 0.2664983448457005 0.0 0.0 0.0 1.0
0.4014882953461542 0.13802219315545705 0.9054043644087109 -0.240591314497421 -0.20133238645173138 0.9776979842036658 -0.05976494843916064 0.052232185837400136 -0.8934609466419938 -0.15829228426222794 0.4203226504398652 0.2676695402659405 0.0 0.0 0.0 1.0
0.3968822188855977 0.13846496520152585 0.9073654869464007 -0.24074862491715424 -0.20234632715735967 0.9774341343566295 -0.06065112251675291 0.0521768711140627 -0.8952879334276501 -0.1595307059179549 0.41594412820652027 0.2689285669193332 0.0 0.0 0.0 1.0
0.39756382887914565 0.1382223068583328 0.9071039958942769 -0.23993627252147098 -0.20591692376417292 0.97681361809236 -0.05859561437439712 0.051924590012063926 -0.894170756860121 -0.16349255488461775 0.41680804800846066 0.2678844985495437 0.0 0.0 0.0 1.0
0.4132255433244641 0.13730368251468994 0.9002179462810742 -0.23860114477800642 -0.20819582787209254 0.9766288378614014 -0.05339029211076296 0.05205314342606186 -0.8865094229411666 -0.1653593836959694 0.4321541052222682 0.26640462794698994 0.0 0.0 0.0 1.0
0.42125320523001586 0.13959429255454361 0.8961356572521302 -0.23934955024089818 -0.2139566101934359 0.9754910346355539 -0.051379556075894714 0.05173086204813742 -0.8813445450039732 -0.1700903467456634 0.44079584574905617 0.26638446036705954 0.0 0.0 0.0 1.0
0.4354828844567248 0.14297140576544298 0.8887710071822558 -0.24010004635586493 -0.2083014884876949 0.9765158228203991 -0.05502215957241227 0.05289202183449387 -0.875765472826035 -0.16117111776061302 0.4550370737550986 0.26703230004530787 0.0 0.0 0.0 1.0
0.48097291557722455 0.14988482424684746 0.8638284423205215 -0.23896514189889612 -0.19427815864732115 0.9790042964826114 -0.061696690750175684 0.053464209788833046 -0.8549391064112042 -0.13814857430794558 0.4999939676610236 0.2645958669586602 0.0 0.0 0.0 1.0
0.532928060540954 0.15336075400515134 0.8321467567315725 -0.24143890149855238 -0.1825503014839242 0.9811175210084521 -0.06390546762608967 0.05339691781133536 -0.8262342349372406 -0.11785162723804343 0.5508611156254796 0.2629418083385828 0.0 0.0 0.0 1.0
0.5816802273648524 0.1517531766460878 0.7991363838177032 -0.23796592883124956 -0.17360747629223977 0.9829674881754376 -0.060295536911563884 0.05359100468550151 -0.7946751070089457 -0.10366335029866686 0.5981181301577649 0.2626235349252783 0.0 0.0 0.0 1.0
0.6313719493270216 0.15055145706922482 0.7607257925442888 -0.23830741707564174 -0.16353055222872817 0.9847625047531924 -0.059165628488238885 0.05468634193591892 -0.7580416236347786 -0.08704639281591302 0.6463712315068326 0.26179613216937425 0.0 0.0 0.0 1.0
0.6831878422151025 0.14482258228310102 0.715737828185619 -0.23551635843557778 -0.14643005213753799 0.9873984445111719 -0.06001968993439681 0.05499047700643314 -0.7154106881701595 -0.06380081132629176 0.695785068915571 0.2611293647601632 0.0 0.0 0.0 1.0
0.7182195877396859 0.14090831232486026 0.6813995658666929 -0.23110511474748544 -0.13183836326241594 0.989099828300752 -0.06557601648831092 0.05558192758164721 -0.6832124003234865 -0.042736630528215795 0.7289679973692782 0.2611988212464903 0.0 0.0 0.0 1.0
0.7443678829345435 0.13589196588843636 0.6537964773523633 -0.22800960387602986 -0.1207052765836357 0.9903281688394624 -0.06841350125162511 0.05482787033174794 -0.6567698477683114 -0.02799187470927352 0.7535713367653544 0.2612529439953985 0.0 0.0 0.0 1.0
0.7599320909713955 0.12997135809226482 0.6368757491876605 -0.22690154604101137 -0.11564175929939235 0.9912078083841597 -0.06429629743167434 0.054261416644076556 -0.6396328649716928 -0.024788612186449416 0.7682807503516991 0.26249800941325363 0.0 0.0 0.0 1.0
0.7771515885361439 0.12198798211274625 0.6173770294476287 -0.2261061456878691 -0.10908712027735976 0.9922945598927488 -0.058749812346215874 0.054170830999315134 -0.6197866540552256 -0.021690379893561703 0.7844705522715036 0.2618095549632121 0.0 0.0 0.0 1.0
0.7985820843298836 0.10919059688347518 0.5918986836597047 -0.22737643413943834 -0.10193635216040105 0.9937365809477552 -0.04578847821136208 0.05476554266683778 -0.59319098667715 -0.02377013869220855 0.8047107798172811 0.25957060792062336 0.0 0.0 0.0 1.0
0.8211380147600438 0.0891204805356202 0.563728638695136 -0.22566030166064563 -0.09697390883142906 0.9951572043557327 -0.016071423913954764 0.05349592287589834 -0.562430844163849 -0.04147012225272824 0.8258037036845363 0.2611062097514166 0.0 0.0 0.0 1.0
0.8549406566421087 0.07234479058332483 0.5136561600406185 -0.22619316164241313 -0.08445596279042043 0.9964271750738093 0.0002307391357200327 0.05419654399333763 -0.5118043798064817 -0.04357858049200366 0.8579961231117866 0.2563314268007149 0.0 0.0 0.0 1.0
0.8918939252669117 0.05265148348577374 0.4491691669131234 -0.22233493783573932 -0.07106480873262676 0.9971775309037811 0.024221168224789758 0.05210352712287531 -0.44662611471538327 -0.05352285469567864 0.8931183607362584 0.2591311245905786 0.0 0.0 0.0 1.0
0.9231892973277378 0.03792382711429336 0.3824699835408691 -0.22592315202778027 -0.05803926189588118 0.997464286513208 0.041189021797718016 0.05156388848500595 -0.37993818257108347 -0.06022352463865494 0.923049348205244 0.2587287041222365 0.0 0.0 0.0 1.0
0.9391904980332145 0.035560793101208445 0.3415505070679803 -0.22421645027438245 -0.05652963923074264 0.9970648364581158 0.0516340886646967 0.052919099083757276 -0.33871188885990583 -0.06780196279711148 0.938444009629881 0.25904104988801285 0.0 0.0 0.0 1.0
0.9525075116047289 0.034645802348082656 0.3025378837390183 -0.22522003859195192 -0.05659453731092045 0.9963385330610266 0.06408372978097338 0.05185551794265293 -0.2992099636107481 -0.07816223311886987 0.9509805692609445 0.25815868579480783 0.0 0.0 0.0 1.0
0.9573319057627682 0.03989673629496889 0.286223712309732 -0.22437038279703947 -0.06191372757560219 0.9957427695101926 0.06828597100883271 0.05095298329200574 -0.2822807919581127 -0.08309349513814365 0.9557265068216945 0.25513670516961495 0.0 0.0 0.0 1.0
0.956791898268513 0.047265760172127 0.2869059675147113 -0.22521372972085357 -0.06917206561510147 0.9953725390097987 0.06669861548607299 0.05085462719535671 -0.2824258651684922 -0.08366258466561008 0.9556339518904265 0.2483816897959603 0.0 0.0 0.0 1.0
0.9534568124538564 0.05512084879915821 0.29644852281441336 -0.22690991366008073 -0.07941495926548006 0.9943431183081423 0.07053403374454051 0.05071102579687234 -0.2908836716030314 -0.09079362201953511 0.9524406087450877 0.2550589051088781 0.0 0.0 0.0 1.0
0.9480078284629214 0.055631635622162307 0.31334691102201445 -0.22301870387896935 -0.08104286036457914 0.9943433898675713 0.06865335470312092 0.04925369304970857 -0.30775513117369696 -0.09047844730894426 0.9471538600268811 0.2714154477343015 0.0 0.0 0.0 1.0
0.9372522077176303 0.06455567540474438 0.34262369794282016 -0.22316899836958085 -0.08519460329962322 0.9953241017982839 0.045516392581654914 0.04910876848008624 -0.3380833194687605 -0.07185001986062621 0.9383694770746618 0.2726315347422925 0.0 0.0 0.0 1.0
0.9307383017684759 0.07196934622579562 0.35853393935101213 -0.22291609356249512 -0.0864317049720227 0.9959576092510803 0.024452017616870558 0.04902808778152253 -0.3553248227753926 -0.053747124424686495 0.9331963825288616 0.2719024092926716 0.0 0.0 0.0 1.0
0.9256426250188745 0.08106479623400542 0.36961357227845126 -0.2217215173523337 -0.08682246220950839 0.9962232712075667 -0.0010607175907615153 0.04962337016165482 -0.36830362694982205 -0.03110891152823606 0.929184930061736 0.2735450204195448 0.0 0.0 0.0 1.0
0.9226640725105948 0.09016614523476035 0.3749148212263052 -0.22126170798514552 -0.09073388071461176 0.9957437396604981 -0.016178310351709947 0.04954310989813303 -0.374777851529672 -0.01909032577998342 0.9269180509296336 0.27303381915969993 0.0 0.0 0.0 1.0
0.9204780993404549 0.0966887637969455 0.3786441276111714 -0.22153861713980005 -0.09485745106645832 0.9952125980831598 -0.02353574364516684 0.04872742105984046 -0.3791070544189049 -0.014253076478400907 0.9252430131802708 0.2718407117828329 0.0 0.0 0.0 1.0
0.9179995704682931 0.1002021637208269 0.3837137988787478 -0.22112995854854153 -0.09627343407113484 0.9949180950872735 -0.029485445365494155 0.048378825408844556 -0.38471827659693064 -0.009873812695229618 0.9229812801935627 0.27497233159091417 0.0 0.0 0.0 1.0
0.9152852053337865 0.10327140124089826 0.3893430939503205 -0.22140960457508352 -0.09896303354269471 0.9946029136969594 -0.031166936344604844 0.04859772633848033 -0.39046043181094486 -0.01000392993793129 0.9205653374152959 0.27287008874272023 0.0 0.0 0.0 1.0
0.9125345660378849 0.1069170957721497 0.394777817579282 -0.2214319917638013 -0.10192101034722999 0.9942224798769909 -0.033671954691923175 0.04960558258396805 -0.396097089089839 -0.009509329254227691 0.918159464907822 0.27272326774638744 0.0 0.0 0.0 1.0
0.9098604701947058 0.10753674664628672 0.40073663505677787 -0.22085168474776518 -0.10227176588565622 0.9941555041458046 -0.03457434999989935 0.0492839361959276 -0.40211250419276956 -0.0095261975854725 0.9155408173941106 0.2711595163541681 0.0 0.0 0.0 1.0
0.9033683068128515 0.11271637243689608 0.4137885245397927 -0.22127499706241244 -0.10644756459674755 0.9935819213956323 -0.038260178460702884 0.048966051021865624 -0.4154453773789956 -0.00948375072801595 0.9095687277779173 0.27379478248878447 0.0 0.0 0.0 1.0
0.8960942087625068 0.11554536313827383 0.4285607908926467 -0.2234096919057011 -0.10910573308479873 0.9932387427445979 -0.0396562595389572 0.049502323746391776 -0.4302453106950187 -0.011222684028520802 0.902642245242066 0.271489581413316 0.0 0.0 0.0 1.0
0.8858862452401908 0.11652214888455277 0.44903020967849844 -0.22301256755165094 -0.11078082499622914 0.9930738812848691 -0.03914183288938555 0.049471466166965156 -0.45048101343497376 -0.01506872857436328 0.8926588215111249 0.2713224479217342 0.0 0.0 0.0 1.0
0.8734116206028985 0.11902488959463649 0.47221304299182726 -0.22233931578929791 -0.11406815533255633 0.9926978681677926 -0.03923502508236303 0.04958035006319076 -0.47343481313067176 -0.019596127701906482 0.8806108781854473 0.2728488332337898 0.0 0.0 0.0 1.0
0.8560556094387631 0.12465087030227417 0.5016282521834073 -0.22297889074624058 -0.1205035650753337 0.9918730076900445 -0.04082718946940987 0.04980937848476899 -0.5026406810482453 -0.02549764807685483 0.8641192969508361 0.27270427107358963 0.0 0.0 0.0 1.0
0.8388694057309379 0.12873620861630838 0.5288904525088951 -0.22285989731256342 -0.12522197729269416 0.9912114752974872 -0.04265516269793186 0.04964910217172487 -0.5297334922261296 -0.030446612790945148 0.8476174534436426 0.27333507090136644 0.0 0.0 0.0 1.0
0.8215033432330692 0.13407282848257318 0.5542172513326092 -0.22243522906323432 -0.1303837736856643 0.9903808109939791 -0.046322047515922754 0.04895074692047616 -0.555096754732533 -0.03420722484515877 0.8310820208671433 0.2733862806438078 0.0 0.0 0.0 1.0
0.7963766072772208 0.14017048788839787 0.5883335774307055 -0.22098695971058102 -0.1337804260052656 0.9895023343042393 -0.05466186698063184 0.04961294891609347 -0.589819427638332 -0.035176085618792784 0.8067686294266596 0.2735550964767293 0.0 0.0 0.0 1.0
0.7748242243233958 0.14421740680284464 0.6155069045497329 -0.22118012629285796 -0.13730059585025672 0.988780338017075 -0.05883850966967954 0.049583648966275304 -0.6170866236308674 -0.038919950706706646 0.7859321051260787 0.2730469078906263 0.0 0.0 0.0 1.0
0.7515147560338191 0.1499745030333225 0.6424431679963143 -0.22166256320914016 -0.14243058400413056 0.9877355584742297 -0.06396903021737971 0.05001138781451737 -0.6441576276201448 -0.043429879575813075 0.7636588818110183 0.2731440198512539 0.0 0.0 0.0 1.0
0.7334730372815573 0.15214224000081664 0.6624726848311113 -0.22131869443759405 -0.1442466969497376 0.9872690844917139 -0.06702805961590534 0.04959095332368346 -0.6642365939923416 -0.046396243176583404 0.7460811534744197 0.27228084203642855 0.0 0.0 0.0 1.0
0.7121574651780156 0.15871726464782943 0.6838425846561396 -0.22179538369609567 -0.15085659208671434 0.9859496584342072 -0.07173230932829469 0.04921898404585248 -0.6856195432746273 -0.052077455647256216 0.726094975353663 0.27214936904663606 0.0 0.0 0.0 1.0
0.6815037441894163 0.16859555942279217 0.7121294167103985 -0.22528404836265886 -0.15914348955441612 0.9839557006056091 -0.0806506307311924 0.0503895042852383 -0.7143010972003916 -0.058367030755627755 0.6974004406213105 0.27203058119629986 0.0 0.0 0.0 1.0
0.6367901442951032 0.17710202800073668 0.7504219836578359 -0.2280999042093443 -0.17212056040851326 0.9813544896887704 -0.08554543434987798 0.05079616410943937 -0.7515801628817436 -0.07468855901106208 0.6553997092388959 0.2711235750253086 0.0 0.0 0.0 1.0
0.5999249724689335 0.18132600402178284 0.7792373174841167 -0.22700120628693088 -0.18635453281893632 0.9788587660701686 -0.0843052756757247 0.05025239728896077 -0.7780500326491735 -0.09463755113101344 0.6210327676023851 0.26998244451758 0.0 0.0 0.0 1.0
0.5734668429706544 0.18201511292113237 0.7987529575614262 -0.22939295593905498 -0.19479898139045954 0.9773374908402193 -0.08285346108918432 0.05060400788278304 -0.7957317724108238 -0.10808256127004519 0.5959270131729119 0.2677840992212833 0.0 0.0 0.0 1.0
0.5535334581622946 0.1855962588549124 0.8118834508532139 -0.22832068667211675 -0.20033265873781608 0.9759014448155725 -0.08650602687023418 0.05065136820293609 -0.8083733806832173 -0.11476279312450235 0.5773750372924832 0.26706256651418037 0.0 0.0 0.0 1.0
0.5417734392458153 0.1826061071913671 0.8204489801191817 -0.2280341807657905 -0.2004867580775237 0.9760159027808555 -0.08484141815988747 0.0509385507406698 -0.8162638434061517 -0.11852434370250628 0.5653895452179794 0.26780716459740544 0.0 0.0 0.0 1.0
0.5258163231247348 0.17713296269842962 0.8319501404868196 -0.2273088528600849 -0.20288537610389631 0.9759646178198931 -0.07956610059420463 0.04947962806075668 -0.8260476494492531 -0.12695339013325627 0.5491157746487684 0.26611126047201034 0.0 0.0 0.0 1.0
0.5075619235224423 0.17332649975921854 0.844001696417264 -0.22693997337803024 -0.20444370455477853 0.9758097901602575 -0.07744753088314885 0.04881030659442885 -0.8370087259063411 -0.13324141639965223 0.5307194308711978 0.26586363803087976 0.0 0.0 0.0 1.0
0.483212660158842 0.16825408709714965 0.8591833940361505 -0.22786816554772124 -0.20793607728601632 0.9753350588371082 -0.07405494690166392 0.048832754666663626 -0.8504517023652024 -0.1428709505471608 0.5062801939360906 0.26686377333937555 0.0 0.0 0.0 1.0
0.4584949770922394 0.15574258651388775 0.8749437039904296 -0.2273037972588047 -0.20640546689468095 0.9762639505908011 -0.06561565122569307 0.04904224548943478 -0.864395268183225 -0.15050871707653748 0.47975827331922793 0.2661299682606229 0.0 0.0 0.0 1.0
0.4161022426479098 0.14646715027237714 0.8974443524133929 -0.2249282112496985 -0.2106972818610885 0.9756127665311731 -0.06153428446626366 0.048743554802701684 -0.8845708513174887 -0.16348452675611272 0.43681492146632306 0.263873405465361 0.0 0.0 0.0 1.0
0.36713939359802106 0.1398249766088384 0.9195963893796103 -0.21773146785685096 -0.2186807098805512 0.9739019147580656 -0.06077612135728526 0.048145556373729616 -0.90409479747779 -0.17878469496691823 0.38813479856368077 0.2642183132551473 0.0 0.0 0.0 1.0
0.31497737837114104 0.1358086621138785 0.939332268260801 -0.22118168700675384 -0.2293802600063897 0.9712627114903633 -0.06350927108952537 0.047654603992813495 -0.9209635959475948 -0.1954603169415848 0.3370776620534026 0.26142396378972244 0.0 0.0 0.0 1.0
0.26967821685589 0.1346983996075453 0.9534831125452539 -0.21891615573290316 -0.23622903575657336 0.9691655680706168 -0.07010005939301407 0.04758886657312788 -0.9335252960946486 -0.20633595938689245 0.2931824391102966 0.2584104972565074 0.0 0.0 0.0 1.0
0.22837308942600737 0.13642747358779186 0.9639675800866804 -0.22148586000006412 -0.24321827428276044 0.9667329275285246 -0.07919814175340614 0.047877289224980246 -0.9427038262906655 -0.2163677912523696 0.25395735963447774 0.25679377357635547 0.0 0.0 0.0 1.0
0.2009211582113519 0.1362615222835227 0.9700842510758058 -0.22123909332681194 -0.2506376994298395 0.9644679101260502 -0.08356124983508083 0.04741978018003958 -0.947001281254408 -0.22635048422047147 0.22793424246111674 0.2559064402969948 0.0 0.0 0.0 1.0
0.191134192545041 0.13614503745902273 0.9720762712898112 -0.22350406674321963 -0.24962682865037855 0.9645154103071829 -0.08600327864526447 0.04694096478816253 -0.9492915186439822 -0.2262181335921291 0.21833733535620697 0.25340015113619596 0.0 0.0 0.0 1.0
0.17271759262966077 0.13883131571526974 0.9751381927793217 -0.2217415669489237 -0.24556445279635258 0.9648248500355167 -0.09386834228431905 0.047097046720273185 -0.9538693466482708 -0.22324658482578338 0.2007342397951242 0.2545553869048667 0.0 0.0 0.0 1.0
0.1051446688131225 0.1367445551492384 0.9850103661988143 -0.22972728149501095 -0.24776008837689906 0.9628696968006014 -0.10722374634514839 0.04609968796053179 -0.9630989537534494 -0.2327722514284399 0.1351204967971601 0.25121612725477954 0.0 0.0 0.0 1.0
0.029428949690077085 0.13071339825485442 0.9909832387800418 -0.24422798740924212 -0.2560608727280568 0.9593163222299156 -0.11893227415121416 0.04839853084818748 -0.9662124664619591 -0.2502520091470052 0.061702254828640404 0.24703570448274165 0.0 0.0 0.0 1.0
-0.04820042967995483 0.11516246909099563 0.992176606175381 -0.2250022351531312 -0.25370187936353983 0.9593432839091595 -0.12367645405835871 0.048252908857345816 -0.9660806793734634 -0.2576783210737594 -0.01702384560859939 0.25571445009538574 0.0 0.0 0.0 1.0
-0.12683543805764325 0.09586677854528673 0.9872803232221404 -0.21589123874277044 -0.25835827716200466 0.9577716446206462 -0.12619259344918413 0.0480832850040972 -0.9576867518457411 -0.271077706672683 -0.0967114254093568 0.25008356164124573 0.0 0.0 0.0 1.0
-0.1967057012021818 0.08082253670588864 0.9771255836644501 -0.215894027855675 -0.26138661621702686 0.9562054848827821 -0.13171201018257106 0.05117425684154097 -0.9449782930477213 -0.28131608023293814 -0.16696513112976175 0.2531693174795666 0.0 0.0 0.0 1.0
-0.2699427150441182 0.0671971456400606 0.9605287509956112 -0.21223710651556624 -0.26406788505373263 0.9541475590125825 -0.1409631997551267 0.04998380443604833 -0.9259584329298041 -0.2916968167846695 -0.23982058409626322 0.2525370857460553 0.0 0.0 0.0 1.0
-0.3231861665175866 0.06153654605324007 0.9443324791636589 -0.20716640472940845 -0.26172204838723756 0.9531496232766901 -0.15168222972045067 0.053140195903072854 -0.9094241795968876 -0.2961742391604308 -0.2919393004758809 0.2530534569797618 0.0 0.0 0.0 1.0
-0.37136871648547237 0.05094341085676267 0.9270867525116671 -0.19771680125099603 -0.26192460620044594 0.9521921520866375 -0.157243624421847 0.05203345022869479 -0.8907754429511786 -0.3012222423347217 -0.34027105348270303 0.25270602612209575 0.0 0.0 0.0 1.0
-0.41817835483372384 0.04008003349443262 0.9074803936379915 -0.1979488693818848 -0.25818478998589994 0.9525778667026481 -0.16104661815311183 0.04966824685683533 -0.8709004127859977 -0.3016438318050187 -0.3879992677660151 0.2451020282257005 0.0 0.0 0.0 1.0
